start!!!!!!!!!!

la00:23.233331!
lo00:23.233331!

la01:23.233332!
lo01:23.233332!

la02:23.233333!
lo02:23.233333!

la03:23.233334!
lo03:23.233334!

la04:23.233335!
lo04:23.233335!

ending5!!!!!!!!

flying!!!!!!!!!